%elaborado por Resendiz Aviles Jose Angel
n = [1 10 100 500 1000 2000 4000 8000 16000]
y = (1 + 1 ./ n).^n
exp(1)
