a = (2+7)^3 + (273^(2/3)/2) + (55^2/3)

b = 2^3 + 7^3 + (273^3)/2 + 55^(3/2)